loss_value_u= 0.0006736837134099164
loss_value_v = 0.000660867943000296
loss_f_u = 9.734350044798563e-05
elapsed time = 38056.72091412544
