loss_value_u= 0.0008369435226433783
loss_value_v = 0.0007851137316028435
loss_f_u = 0.00020678914382879645
elapsed time = 151149.1627585888
