loss_value_u= 0.0007973749207388392
loss_value_v = 0.0008157792770019201
loss_f_u = 0.0001229428308735148
elapsed time = 8510.451110839844
