loss_value_u= 0.0007602070373283179
loss_value_v = 0.0006797764539828018
loss_f_u = 3.6151859948576554e-05
elapsed time = 2004.0770196914673
