loss_value_u= 0.0009176153809977627
loss_value_v = 0.0006576146275242165
loss_f_u = 8.762306982346963e-06
elapsed time = 598.014933347702
